Chunk Number,Mutations,Cumulative Mutations
1,2,2
2,2,4
3,3,7
4,2,9
5,1,10
6,2,12
7,6,18
8,1,19
9,5,24
10,2,26
